initial: 6
0.55670 0.44311 0.00000 0.00019 0.00000 0.00000

transition: 6
0.23318 0.46453 0.06343 0.19623 0.02486 0.01777
0.04073 0.41780 0.27915 0.02776 0.05173 0.18283
0.13182 0.03456 0.15159 0.61720 0.05635 0.00846
0.02068 0.06821 0.05028 0.31996 0.44752 0.09334
0.00001 0.00421 0.00267 0.00002 0.50925 0.48384
0.76042 0.00174 0.01421 0.21535 0.00824 0.00004

observation: 6
0.00420 0.32149 0.05376 0.02824 0.31111 0.09241
0.08586 0.42092 0.09225 0.05107 0.00140 0.08690
0.43069 0.16266 0.28895 0.33709 0.30858 0.00077
0.47922 0.09105 0.25514 0.50963 0.00219 0.00003
0.00004 0.00387 0.30990 0.07398 0.00503 0.81989
0.00000 0.00000 0.00000 0.00000 0.37169 0.00000
