initial: 6
0.21156 0.03020 0.12096 0.18182 0.00000 0.45546

transition: 6
0.36905 0.50735 0.08697 0.00229 0.01745 0.01688
0.17503 0.52226 0.26841 0.02672 0.00063 0.00695
0.32431 0.07867 0.06141 0.49273 0.00845 0.03443
0.24011 0.06076 0.06588 0.48391 0.01268 0.13666
0.09261 0.05764 0.00118 0.00268 0.58699 0.25889
0.30058 0.06115 0.00150 0.00014 0.38668 0.24996

observation: 6
0.34165 0.54427 0.17725 0.06744 0.01783 0.09627
0.07983 0.15739 0.41784 0.02364 0.09615 0.07053
0.13045 0.10835 0.27687 0.14525 0.11698 0.36453
0.44666 0.18928 0.01464 0.00875 0.06507 0.36352
0.00141 0.00070 0.11341 0.75492 0.02560 0.07436
0.00000 0.00000 0.00000 0.00000 0.67838 0.03078
