initial: 6
0.71877 0.02558 0.11444 0.14121 0.00000 0.00000

transition: 6
0.42277 0.42546 0.10334 0.00607 0.02023 0.02213
0.18570 0.56508 0.22467 0.01759 0.00246 0.00450
0.18988 0.13343 0.07378 0.57713 0.00729 0.01849
0.22875 0.11554 0.05643 0.48521 0.03709 0.07698
0.05396 0.01655 0.00088 0.00180 0.62665 0.30017
0.34576 0.05539 0.00170 0.00025 0.22313 0.37378

observation: 6
0.46184 0.43309 0.26902 0.04467 0.02713 0.03618
0.05708 0.19169 0.38490 0.02541 0.11629 0.05543
0.21942 0.07320 0.25621 0.15620 0.18438 0.21185
0.25906 0.30073 0.01440 0.02305 0.10018 0.35508
0.00261 0.00130 0.07548 0.75067 0.02091 0.06979
0.00000 0.00000 0.00000 0.00000 0.55111 0.27166
