initial: 6
0.85682 0.00000 0.00106 0.14211 0.00000 0.00000

transition: 6
0.29774 0.44694 0.14295 0.08032 0.00360 0.02844
0.13497 0.57956 0.24711 0.03600 0.00033 0.00204
0.16608 0.16469 0.21501 0.41515 0.00138 0.03769
0.08888 0.06873 0.04543 0.52492 0.03933 0.23270
0.11996 0.00995 0.00093 0.00136 0.70265 0.16515
0.31048 0.27953 0.01488 0.00047 0.24155 0.15309

observation: 6
0.78687 0.28964 0.21585 0.06953 0.03650 0.06884
0.07495 0.24903 0.30700 0.04010 0.11691 0.02432
0.07041 0.07155 0.37806 0.87558 0.17121 0.14591
0.06774 0.38978 0.09908 0.01462 0.08315 0.66159
0.00003 0.00000 0.00000 0.00017 0.03629 0.09349
0.00000 0.00000 0.00000 0.00000 0.55593 0.00585
